((((((taxa1,taxa2),taxa3),(taxa4,taxa5)),(taxa6,taxa7)),((taxa8,taxa9),(taxa10,taxa11))),taxa12)
t = [1.0,0.03874,0.0194,0.0532,0.3012,0.10655,0.19547,0.41674,0.30872,0.03091,0.11514]
c = [1.0,1.0,1.0,1.0,1.0,1.0,1.0,1.0,1.0,1.0,1.0]

